125
0 0
100 100
200 200
300 300
400 400
10 0
110 100
210 200
310 300
410 400
20 0
120 100
220 200
320 300
420 400
30 0
130 100
230 200
330 300
430 400
40 0
140 100
240 200
340 300
440 400
0 1
100 101
200 201
300 301
400 401
10 1
110 101
210 201
310 301
410 401
20 1
120 101
220 201
320 301
420 401
30 1
130 101
230 201
330 301
430 401
40 1
140 101
240 201
340 301
440 401
0 2
100 102
200 202
300 302
400 402
10 2
110 102
210 202
310 302
410 402
20 2
120 102
220 202
320 302
420 402
30 2
130 102
230 202
330 302
430 402
40 2
140 102
240 202
340 302
440 402
0 3
100 103
200 203
300 303
400 403
10 3
110 103
210 203
310 303
410 403
20 3
120 103
220 203
320 303
420 403
30 3
130 103
230 203
330 303
430 403
40 3
140 103
240 203
340 303
440 403
0 4
100 104
200 204
300 304
400 404
10 4
110 104
210 204
310 304
410 404
20 4
120 104
220 204
320 304
420 404
30 4
130 104
230 204
330 304
430 404
40 4
140 104
240 204
340 304
440 404
